==================================================================================
PUNTO 4 - ALGORITMO GENETICO COMPLETO
Problema: seleccion optima de proyectos | Presupuesto = 50
Configuracion:
  Poblacion: 20 | Generaciones: 100 | Cruce: 0.80 | Mutacion: 0.05
  Torneo: 3 | Elite: 1 | Lambda: 5
==================================================================================
Registro por generacion:
Gen  | Mejor aptitud | Beneficio |  Costo | Cromosoma         |  Apt. promedio
----------------------------------------------------------------------------------
1    |        96.00 |        96 |     50 | 0111001011        |          65.95
2    |        97.00 |        97 |     50 | 1011100100        |          81.60
3    |        97.00 |        97 |     50 | 1011100100        |          84.30
4    |        97.00 |        97 |     50 | 1011100100        |          75.95
5    |        97.00 |        97 |     50 | 1011100100        |          77.10
6    |        97.00 |        97 |     50 | 1011100100        |          80.70
7    |        97.00 |        97 |     50 | 1011100100        |          85.00
8    |        97.00 |        97 |     50 | 1011100100        |          84.20
9    |        97.00 |        97 |     50 | 1011100100        |          88.40
10   |        97.00 |        97 |     50 | 1011100100        |          85.60
11   |        97.00 |        97 |     50 | 1011100100        |          86.10
12   |        97.00 |        97 |     50 | 1011100100        |          85.80
13   |        97.00 |        97 |     50 | 1011100100        |          88.90
14   |        97.00 |        97 |     50 | 1011100100        |          82.55
15   |        97.00 |        97 |     50 | 1011100100        |          88.75
16   |        97.00 |        97 |     50 | 1011100100        |          88.10
17   |        97.00 |        97 |     50 | 1011100100        |          88.15
18   |        97.00 |        97 |     50 | 1011100100        |          89.70
19   |        97.00 |        97 |     50 | 1011100100        |          85.85
20   |        97.00 |        97 |     50 | 1011100100        |          90.15
21   |        97.00 |        97 |     50 | 1011100100        |          87.40
22   |        97.00 |        97 |     50 | 1011100100        |          87.05
23   |        97.00 |        97 |     50 | 1011100100        |          82.35
24   |        97.00 |        97 |     50 | 1011100100        |          90.30
25   |        97.00 |        97 |     50 | 1011100100        |          86.35
26   |        97.00 |        97 |     50 | 1011100100        |          86.25
27   |        97.00 |        97 |     50 | 1011100100        |          89.50
28   |        97.00 |        97 |     50 | 1011100100        |          87.60
29   |        97.00 |        97 |     50 | 1011100100        |          86.05
30   |        97.00 |        97 |     50 | 1011100100        |          87.05
31   |        97.00 |        97 |     50 | 1011100100        |          90.60
32   |        97.00 |        97 |     50 | 1011100100        |          91.20
33   |        97.00 |        97 |     50 | 1011100100        |          85.10
34   |        97.00 |        97 |     50 | 1011100100        |          86.40
35   |        97.00 |        97 |     50 | 1011100100        |          89.70
36   |        97.00 |        97 |     50 | 1011100100        |          88.45
37   |        97.00 |        97 |     50 | 1011100100        |          81.25
38   |        97.00 |        97 |     50 | 1011100100        |          86.55
39   |        97.00 |        97 |     50 | 1011100100        |          87.80
40   |        97.00 |        97 |     50 | 1011100100        |          86.50
41   |        97.00 |        97 |     50 | 1011100100        |          89.75
42   |        97.00 |        97 |     50 | 1011100100        |          86.00
43   |        97.00 |        97 |     50 | 1011100100        |          91.10
44   |        97.00 |        97 |     50 | 1011100100        |          89.55
45   |        97.00 |        97 |     50 | 1011100100        |          81.05
46   |        97.00 |        97 |     50 | 1011100100        |          89.90
47   |        97.00 |        97 |     50 | 1011100100        |          85.55
48   |        97.00 |        97 |     50 | 1011100100        |          89.25
49   |        97.00 |        97 |     50 | 1011100100        |          89.95
50   |        97.00 |        97 |     50 | 1011100100        |          85.80
51   |        97.00 |        97 |     50 | 1011100100        |          90.05
52   |        97.00 |        97 |     50 | 1011100100        |          84.60
53   |        97.00 |        97 |     50 | 1011100100        |          86.10
54   |        97.00 |        97 |     50 | 1011100100        |          90.15
55   |        97.00 |        97 |     50 | 1011100100        |          88.10
56   |        97.00 |        97 |     50 | 1011100100        |          86.25
57   |        97.00 |        97 |     50 | 1011100100        |          88.15
58   |        97.00 |        97 |     50 | 1011100100        |          89.50
59   |        97.00 |        97 |     50 | 1011100100        |          84.65
60   |        97.00 |        97 |     50 | 1011100100        |          84.10
61   |        97.00 |        97 |     50 | 1011100100        |          88.15
62   |        97.00 |        97 |     50 | 1011100100        |          90.45
63   |        97.00 |        97 |     50 | 1011100100        |          81.85
64   |        97.00 |        97 |     50 | 1011100100        |          91.20
65   |        97.00 |        97 |     50 | 1011100100        |          79.45
66   |        97.00 |        97 |     50 | 1011100100        |          88.25
67   |        97.00 |        97 |     50 | 1011100100        |          88.15
68   |        97.00 |        97 |     50 | 1011100100        |          86.65
69   |        97.00 |        97 |     50 | 1011100100        |          84.55
70   |        97.00 |        97 |     50 | 1011100100        |          90.65
71   |        97.00 |        97 |     50 | 1011100100        |          92.05
72   |        97.00 |        97 |     50 | 1011100100        |          90.05
73   |        97.00 |        97 |     50 | 1011100100        |          80.65
74   |        97.00 |        97 |     50 | 1011100100        |          89.15
75   |        97.00 |        97 |     50 | 1011100100        |          87.80
76   |        97.00 |        97 |     50 | 1011100100        |          91.85
77   |        97.00 |        97 |     50 | 1011100100        |          88.05
78   |        97.00 |        97 |     50 | 1011100100        |          87.00
79   |        97.00 |        97 |     50 | 1011100100        |          82.60
80   |        97.00 |        97 |     50 | 1011100100        |          78.70
81   |        97.00 |        97 |     50 | 1011100100        |          90.60
82   |        97.00 |        97 |     50 | 1011100100        |          89.45
83   |        97.00 |        97 |     50 | 1011100100        |          90.15
84   |        97.00 |        97 |     50 | 1011100100        |          86.20
85   |        97.00 |        97 |     50 | 1011100100        |          88.85
86   |        97.00 |        97 |     50 | 1011100100        |          83.60
87   |        97.00 |        97 |     50 | 1011100100        |          82.75
88   |        97.00 |        97 |     50 | 1011100100        |          85.95
89   |        97.00 |        97 |     50 | 1011100100        |          88.65
90   |        97.00 |        97 |     50 | 1011100100        |          84.40
91   |        97.00 |        97 |     50 | 1011100100        |          86.30
92   |        97.00 |        97 |     50 | 1011100100        |          88.65
93   |        97.00 |        97 |     50 | 1011100100        |          88.45
94   |        97.00 |        97 |     50 | 1011100100        |          87.90
95   |        97.00 |        97 |     50 | 1011100100        |          90.35
96   |        97.00 |        97 |     50 | 1011100100        |          90.05
97   |        97.00 |        97 |     50 | 1011100100        |          90.80
98   |        97.00 |        97 |     50 | 1011100100        |          84.50
99   |        97.00 |        97 |     50 | 1011100100        |          87.50
100  |        97.00 |        97 |     50 | 1011100100        |          90.85
----------------------------------------------------------------------------------

MEJOR SOLUCION ENCONTRADA:
  Generacion de aparicion : 2
  Cromosoma               : 1011100100
  Proyectos seleccionados : P1, P3, P4, P5, P8
  Costo total             : 50
  Beneficio total         : 97
  Aptitud                 : 97.00
  Solucion valida         : SI

Aptitud promedio de la ultima generacion: 90.85
Diversidad de la ultima generacion (individuos distintos): 5 de 20
Diversidad promedio por generacion: 8.42
